[0][1][5][7160.png][271]
[6][1][46][4502.png][281]
[30][1][75][4066.png][283]
[30][2][76][59528.png][278]
[30][3][77][4443.png][259]
[30][4][78][4574.png][347]
[7][1][47][4494.png][274]
[24][1][79][10982.png][257]
[15][1][48][4466.png][193]
[18][1][49][4493.png][303]
[16][1][50][4461.png][282]
[8][1][51][4576.png][308]
[39][1][56][4642.png][286]
[38][1][52][4479.png][177]
[29][1][53][4429.png][275]
[40][1][80][4718.png][271]
[23][1][59][4472.png][222]
[9][1][61][4475.png][310]
[13][1][63][4589.png][289]
[48][1][58][4415.png][329]
[43][1][54][4603.png][339]
[46][1][60][2410.png][249]
[3][1][72][4418.png][300]
[32][1][73][4547.png][166]
[2][1][62][4498.png][204]
[17][1][64][4499.png][168]
[11][1][55][4538.png][295]
[12][1][65][4516.png][248]
[27][1][66][4540.png][236]
[4][1][57][4478.png][222]
[20][1][74][4496.png][303]
[42][1][67][4599.png][327]
[33][1][69][4480.png][282]
[1][1][71][4449.png][258]
[21][1][70][4462.png][265]
[47][1][68][4489.png][300]
[38][2][81][4378.png][221]
[29][2][82][4568.png][292]
